4309808
4202928
4219232
4219232
4605584
4219424
4205984
4219232
4207296
4631120
4202976
4207296
4202976
4207296
4223872
4210192
4207296
4219424
4223872
4207296
4205568
4207296
4205568
4219424
4223872
4203040
4590736
4202976
4203120
4205984
4223872
4205264
4206128
4203008
4206128
4206128
4206128
4206128
4631120
4205264
4208832
4205264
4217872
4203120
4206128
4207808
4203008
4205264
4206128
4203040
4206128
4209152
4208832
4308944
4206128
4206128
4206128
4206128
4208240
4601200
4203040
4598032
4205264
4202928
4590736
4504528
4504528
4605584
4202992
4605584
4202992
4590736
4506528
4202976
4605584
4605584
4203040
4590736
4203040
4504528
4202992
4203040
4590736
4276688
4590736
4506848
4590736
4203040
4276688
4591584
4591584
4203040
4276688
4506528
4202976
4202992
4202992
4594832
4203040
4592368
4591584
4203040
4203040
4614864
4203040
4276688
4590736
4203008
4506848
4202992
4614864
4203040
4276688
4605584
4203008
4614864
4203040
4590736
4590736
4203008
4614864
4506848
4276688
4203008
4590736
4506848
4506848
4203072
4203184
4203088
4203088
4202928
4205264
4205568
4205264
4205264
4202928
4202928
4223872
4203040
4592368
4592368
4223872
4592368
4203040
4203040
4222848
4617104
4630896
4630896
4617104
4222848
4614512
4203024
4203120
4614512
4203120
4592368
4203040
4203040
4203120
4203120
4592368
4203040
4203040
4203040
4203120
4203040
4203120
4203040
4203120
4203040
4202928
4213984
4202928
4205264
4205264
4202928
4203440
4203440
4214224
4214224
4207440
4207808
4207440
4207808
4207808
4207808
4207440
4202928
4209152
4207440
4207440
4208240
4208240
4207440
4208240
4208240
4207440
4202928
4589760
4593248
4593248
4592544
4589760
4593248
4592544
4589760
4592544
4592544
4592544
4592544
4592544
4592544
4601200
4589760
4589760
4593248
4593248
4593248
4589760
4592368
4601200
4202928
4598032
4598032
4308944
4202976
4598032
4308944
4308944
4598032
4598032
4202976
4202928
4489424
4489424
4203008
4202928
4592368
4592368
4592368
4222848
4222848
4222848
4222848
4222848
4222848
4211392
4211392
4203440
4202928
4214224
4614864
4214224
4202928
4592368
4202928
4592368
4202928
4202928
4213680
4213680
4209584
4209584
4209584
4210192
4213984
4209584
4213680
4209584
4211392
4209584
4211392
