5242984
4590736
4486078
4309808
4202928
4219232
4605584
4219424
4205984
4207296
4631120
4202976
4223872
4210192
4205568
4203040
4203120
4205264
4206128
4203008
4208832
4217872
4207808
4209152
4308944
4208240
4601200
4598032
4504528
4202992
4506528
4276688
4506848
4591584
4594832
4592368
4614864
4203072
4203184
4203088
4222848
4617104
4630896
4614512
4203024
4213984
4203440
4214224
4207440
4589760
4593248
4592544
4489424
4211392
4213680
4209584
4240768
4263840
4508320
4590384
4590576
4590656
4593472
